Afghanistan,AF,2.68,14.05341669,12.72622573,11.39903477,10.14039706,10.83826917,11.53614127,8.00653998,6.314165844,4.621791708,2.929417572,1.154985192,1.07292695,0.990868707,0.908810464,1.102336295,2.20467259, 
Aland Islands,AX,2.68,7.973742639,7.375832609,6.777922579,8.628969978,10.15240371,11.67583744,9.327215465,7.612402259,5.897589053,4.182775847,2.489682884,2.511403128,2.533123371,2.554843614,3.435418477,6.870836953,
Albania,AL,2.27,5.75255704,5.626908186,5.501259331,8.280316339,9.795493698,11.31067106,9.215575909,7.67538249,6.13518907,4.594995651,3.110576677,3.166351123,3.222125569,3.277900015,4.444899282,8.889798564,
Algeria,DZ,1.36,9.197702147,8.212998094,7.22829404,8.905751553,10.72918436,12.55261717,10.13930574,8.128999377,6.118693018,4.108386658,2.027861147,1.957641996,1.887422844,1.817203692,2.329312721,4.658625441,
American Samoa,AS,2.68,9.139965018,8.544527557,7.949090097,9.156091449,10.35502959,11.55396772,8.912024115,7.360165234,5.808306353,4.256447471,2.548844479,2.393100368,2.237356258,2.081612147,2.567824048,5.135648096,
Andorra,AD,2.37,4.020199049,3.845336733,3.670474416,6.9193182,8.718602409,10.51788662,9.24988969,7.912438104,6.574986518,5.237534932,3.971172231,4.042261117,4.113350002,4.184438888,5.674037032,11.34807406,
Angola,AO,2.68,16.44332233,14.34366975,12.24401718,9.36247959,10.02136337,10.68024715,7.42085842,5.843205801,4.265553182,2.687900563,1.037094582,0.963941218,0.890787855,0.817634492,0.992641505,1.985283011,
Anguilla,AI,2.68,6.751114654,6.294623084,5.838131514,8.275902796,9.951280007,11.62665722,9.646558597,8.060058464,6.473558331,4.887058198,3.160244486,3.019930906,2.879617327,2.739303747,3.465320223,6.930640446,
Antarctica,AQ,2.68,7.973742639,7.375832609,6.777922579,8.628969978,10.15240371,11.67583744,9.327215465,7.612402259,5.897589053,4.182775847,2.489682884,2.511403128,2.533123371,2.554843614,3.435418477,6.870836953,
Antigua and Barbuda,AG,2.16,7.295336541,6.915607061,6.535877581,8.820215677,10.3421142,11.86401273,9.520897044,7.860936745,6.200976447,4.541016149,2.782874618,2.684693385,2.586512152,2.488330919,3.186866248,6.373732496,
Argentina,AR,2.11,7.468830655,6.947323659,6.425816664,8.266151656,9.707826149,11.14950064,8.901823207,7.279009196,5.656195184,4.033381173,2.573220645,2.73587413,2.898527614,3.061181098,4.29844611,8.59689222,
Armenia,AM,2.46,5.60425332,5.202639992,4.801026663,7.59685126,9.396376886,11.19590251,9.602969991,8.109724657,6.616479324,5.12323399,3.553676395,3.477364133,3.401051872,3.32473961,4.331236465,8.66247293,
Aruba,AW,2.68,5.306866518,4.997974478,4.689082439,7.276123602,8.878536223,10.48094884,8.960401053,7.656471541,6.35254203,5.048612518,3.757848896,3.771014786,3.784180677,3.797346567,5.080683276,10.16136655,
Australia,AU,2.56,5.673351144,5.344763451,5.016175758,7.544553786,9.137330493,10.7301072,8.92512935,7.413513239,5.901897129,4.390281019,3.108450847,3.338236786,3.568022725,3.797808664,5.370126137,10.74025227,
Austria,AT,3.01,4.143052992,3.946047476,3.749041959,6.700346514,8.373004307,10.0456621,8.734576897,7.425920529,6.11726416,4.808607792,3.76518022,4.030409016,4.295637812,4.560866608,6.434793873,12.86958775,
Azerbaijan,AZ,2.16,7.090147887,6.507635312,5.925122737,8.629860546,10.56474203,12.49962351,10.4402277,8.60341556,6.766603416,4.929791271,2.869612361,2.646245595,2.422878829,2.199512063,2.634860396,5.269720792,
Bahamas,BS,2.24,7.081152846,6.685241744,6.289330642,8.887460037,10.58243584,12.27741163,9.938380753,8.126239083,6.314097412,4.501955741,2.616406794,2.542999518,2.469592241,2.396184965,3.097036918,6.194073836,
Bahrain,BH,2.34,6.256497155,6.058803382,5.861109609,10.39064049,12.85309971,15.31555892,12.51690011,9.853442215,7.189984317,4.526526418,1.672164837,1.481261154,1.290357471,1.099453788,1.211400141,2.422800281,
Bangladesh,BD,1.62,8.813960367,8.325939071,7.837917776,9.592822636,10.95829636,12.32377009,9.443766637,7.59649512,5.749223602,3.901952085,2.021960958,1.989241349,1.956521739,1.92380213,2.52144336,5.04288672,
Barbados,BB,2.68,5.36289043,5.071059432,4.779228433,7.635205585,9.35502516,11.07484473,9.418094655,7.950326397,6.48255814,5.014789882,3.529681763,3.512341901,3.49500204,3.477662179,4.61376309,9.22752618,
Belarus,BY,2.59,4.644826972,4.283426741,3.92202651,7.018948492,8.928809714,10.83867094,9.518114492,8.042433947,6.566753403,5.091072858,3.689451561,3.763510809,3.837570056,3.911629303,5.314251401,10.6285028,
Belgium,BE,3.6,5.021150662,4.690001155,4.358851648,6.780313657,8.322194168,9.864074679,8.419228675,7.127580573,5.835932472,4.544284371,3.553146195,3.853656122,4.154166048,4.454675974,6.340247867,12.68049573,
Belize,BZ,1.7,10.87332972,9.996510818,9.119691919,9.785221369,10.99480499,12.20438862,9.133519423,7.299371947,5.46522447,3.631076994,1.700976971,1.605024424,1.509071877,1.41311933,1.756222377,3.512444754,
Benin,BJ,2.08,15.79629748,14.01092478,12.22555208,9.813881981,10.39341963,10.97295727,7.480073965,5.861123509,4.242173053,2.623222598,0.955812026,0.90735191,0.858891794,0.810431678,1.015962082,2.031924164,
Bermuda,BM,2.68,4.955783207,4.69201471,4.428246213,6.465064355,7.747241923,9.02941949,7.76250985,6.829688731,5.896867612,4.964046493,4.197202522,4.363179669,4.529156816,4.695133964,6.481481481,12.96296296,
Bhutan,BT,2.05,8.153925014,7.74201816,7.330111306,9.795450107,11.44002636,13.08460262,10.17519772,8.070079086,5.964960457,3.859841828,1.766256591,1.777789982,1.789323374,1.800856766,2.416520211,4.833040422,
Bolivia,BO,2.01,10.12335823,9.418182508,8.713006785,9.76982,11.00340233,12.23698466,9.168044706,7.30797742,5.447910133,3.587842847,1.707817757,1.687859953,1.66790215,1.647944346,2.170648724,4.341297448,
Bonaire Sint Eustatius and Saba,BQ,2.68,7.973742639,7.375832609,6.777922579,8.628969978,10.15240371,11.67583744,9.327215465,7.612402259,5.897589053,4.182775847,2.489682884,2.511403128,2.533123371,2.554843614,3.435418477,6.870836953,
Bosnia and Herzegovina,BA,2.77,4.070753839,3.942140347,3.813526856,7.243949693,9.087774604,10.93159951,9.52221456,8.079992119,6.637769678,5.195547237,3.801595902,3.849867008,3.898138114,3.946409221,5.326240436,10.65248087,
Botswana,BW,1.67,10.08011783,9.303698625,8.527279422,9.686512018,11.04254752,12.39858302,9.40463947,7.476288424,5.547937379,3.619586333,1.67066621,1.650097132,1.629528054,1.608958976,2.117853198,4.235706395,
Bouvet Island,BV,2.68,7.973742639,7.375832609,6.777922579,8.628969978,10.15240371,11.67583744,9.327215465,7.612402259,5.897589053,4.182775847,2.489682884,2.511403128,2.533123371,2.554843614,3.435418477,6.870836953,
Brazil,BR,2,6.885958694,6.587622289,6.289285883,8.973722766,10.61427761,12.25483246,9.841556784,8.031156954,6.220757125,4.410357295,2.569651212,2.53934496,2.509038707,2.478732454,3.264568269,6.529136538,
British Indian Ocean Territory,IO,2.68,7.973742639,7.375832609,6.777922579,8.628969978,10.15240371,11.67583744,9.327215465,7.612402259,5.897589053,4.182775847,2.489682884,2.511403128,2.533123371,2.554843614,3.435418477,6.870836953,
Brunei Darussalam,BN,1.84,7.973742639,7.375832609,6.777922579,8.628969978,10.15240371,11.67583744,9.327215465,7.612402259,5.897589053,4.182775847,2.489682884,2.511403128,2.533123371,2.554843614,3.435418477,6.870836953,
Bulgaria,BG,3.52,4.155990183,3.879212481,3.602434779,6.667531597,8.476857708,10.28618382,8.98267977,7.536732509,6.090785249,4.644837988,3.53507833,3.871265934,4.207453537,4.54364114,6.506438325,13.01287665,
Burkina Faso,BF,1.75,14.96845887,13.3496261,11.73079333,9.750595312,10.37932907,11.00806283,7.583030454,5.966913147,4.350795839,2.734678531,1.09286878,1.067176338,1.041483895,1.015791452,1.320132013,2.640264026,
Burundi,BI,2.68,14.99159148,13.31198057,11.63236967,9.587807993,10.24513806,10.90246813,7.592162281,6.021478365,4.450794448,2.880110532,1.239716134,1.170005652,1.100295171,1.030584689,1.281165609,2.562331219,
Cambodia,KH,2.14,9.892399136,9.070580815,8.248762495,9.692359638,11.23597653,12.77959342,9.889341207,7.878562009,5.867782811,3.857003612,1.740152514,1.634080615,1.528008715,1.421936816,1.754486555,3.508973109,
Cameroon,CM,2.05,14.47478454,12.93359043,11.39239631,9.775179173,10.50776472,11.24035026,7.864029359,6.198917709,4.533806059,2.868694408,1.156310257,1.109037756,1.061765255,1.014492754,1.289627003,2.579254007,
Canada,CA,2.76,4.720539052,4.455063468,4.189587883,6.797269707,8.366586203,9.935902699,8.538351643,7.270801517,6.003251392,4.735701266,3.709542342,3.950933544,4.192324745,4.433715947,6.233476198,12.4669524,
Cape Verde,CV,1.37,7.973742639,7.375832609,6.777922579,8.628969978,10.15240371,11.67583744,9.327215465,7.612402259,5.897589053,4.182775847,2.489682884,2.511403128,2.533123371,2.554843614,3.435418477,6.870836953,
Cayman Islands,KY,2.68,5.356223953,5.023156395,4.690088837,7.361415056,9.030145724,10.69887639,9.174003766,7.820754237,6.467504708,5.114255178,3.733523335,3.70604102,3.678558705,3.651076391,4.831458768,9.662917536,
Central African Republic,CF,2.68,13.40846522,12.07941739,10.75036956,9.863433555,10.74901339,11.63459322,8.30709142,6.559868181,4.812644941,3.065421702,1.259001587,1.199804711,1.140607836,1.081410961,1.362952114,2.725904227,
Chad,TD,2.68,16.43228831,14.44974842,12.46720853,9.55862326,10.08687051,10.61511776,7.211972649,5.670236099,4.128499548,2.586762998,0.992775126,0.940523803,0.888272481,0.836021159,1.045026448,2.090052896,
Chile,CL,2.25,6.182226389,5.837933549,5.493640709,8.131097455,9.794118668,11.45713988,9.493802729,7.900218727,6.306634726,4.713050724,3.110613478,3.101760233,3.092906989,3.084053744,4.100267333,8.200534666,
China,CN,2.44,5.247657296,4.916688029,4.585718761,7.948958956,9.961548321,11.97413769,10.21891823,8.438349141,6.657780056,4.877210972,3.109971802,3.123301718,3.136631633,3.149961548,4.217721952,8.435443903,
Christmas Island,CX,2.68,4.35793177,4.323903452,4.289875133,9.494477608,12.13080716,14.76713672,12.62912017,10.22839346,7.827666753,5.426940047,2.703348041,2.380482741,2.057617441,1.734752141,1.882515789,3.765031577,
Cocos (Keeling) Islands,CC,2.68,7.973742639,7.375832609,6.777922579,8.628969978,10.15240371,11.67583744,9.327215465,7.612402259,5.897589053,4.182775847,2.489682884,2.511403128,2.533123371,2.554843614,3.435418477,6.870836953,
Colombia,CO,1.99,7.552242747,7.138741853,6.725240959,8.978190678,10.51816643,12.05814219,9.619207086,7.884843902,6.150480717,4.416117533,2.598574052,2.515393756,2.43221346,2.349033164,3.021137157,6.042274315,
Comoros,KM,2.68,12.49452344,11.43704943,10.37957542,10.0224373,10.90134225,11.78024721,8.391086151,6.628629465,4.86617278,3.103716095,1.316764249,1.292269088,1.267773928,1.243278767,1.625044808,3.250089616,
Congo,CG,1.65,15.96879693,14.04992206,12.1310472,9.568751379,10.20647834,10.8442053,7.487028377,5.884312344,4.28159631,2.678880277,1.019153161,0.962142079,0.905130997,0.848119915,1.054811778,2.109623556,
Congo the Democratic Republic of the,CD,1.65,7.973742639,7.375832609,6.777922579,8.628969978,10.15240371,11.67583744,9.327215465,7.612402259,5.897589053,4.182775847,2.489682884,2.511403128,2.533123371,2.554843614,3.435418477,6.870836953,
Cook Islands,CK,2.68,6.289633306,6.000137855,5.710642404,7.747449683,9.055348773,10.36324786,8.518920596,7.303556658,6.088192721,4.872828784,3.617142266,3.576819686,3.536497105,3.496174524,4.607802592,9.215605183,
Costa Rica,CR,1.96,7.06497155,6.654881794,6.244792039,8.851748685,10.56531676,12.27888484,9.958752946,8.137990144,6.317227341,4.496464538,2.609813585,2.543925434,2.478037283,2.412149132,3.128347975,6.25669595,
C??te d'Ivoire,CI,2.68,7.973742639,7.375832609,6.777922579,8.628969978,10.15240371,11.67583744,9.327215465,7.612402259,5.897589053,4.182775847,2.489682884,2.511403128,2.533123371,2.554843614,3.435418477,6.870836953,
Croatia,HR,3.15,4.197817307,4.015210106,3.832602905,6.583526682,8.141595772,9.699664862,8.377803558,7.143754834,5.90970611,4.675657386,3.771268368,4.100928074,4.43058778,4.760247486,6.786542923,13.57308585,
Cuba,CU,2.68,4.956219504,4.703896798,4.451574093,7.304547379,8.983356727,10.66216608,9.119209946,7.723581311,6.327952677,4.932324042,3.621415681,3.706135953,3.790856226,3.875576499,5.280395695,10.56079139,
Curacao,CW,2.68,5.953469471,5.597886823,5.242304176,7.146646799,8.454400759,9.762154718,8.131667175,6.980087372,5.828507569,4.676927766,3.659453419,3.793558874,3.92766433,4.061769786,5.594500322,11.18900064,
Cyprus,CY,2.58,4.91962103,4.728108419,4.536595807,8.077326033,10.03920376,12.00108148,10.15918078,8.374733854,6.590286931,4.805840008,3.074622326,3.127851566,3.181080807,3.234310048,4.383385718,8.766771435,
Czechia,CZ,3.19,4.284506859,3.961055848,3.637604837,6.684654227,8.531629933,10.37860564,9.034523113,7.514628438,5.994733762,4.474839087,3.350399844,3.745855276,4.141310708,4.53676614,6.576295429,13.15259086,
Denmark,DK,3.18,4.932811331,4.709486133,4.486160936,6.920350986,8.360771209,9.801191432,8.229888447,6.948252985,5.666617524,4.384982063,3.46110374,3.818860878,4.176618016,4.534375154,6.522843055,13.04568611,
Djibouti,DJ,2.68,10.25031928,9.634099617,9.017879949,10.39208174,11.6954023,12.99872286,9.651149425,7.598275862,5.545402299,3.492528736,1.379885057,1.320114943,1.260344828,1.200574713,1.521072797,3.042145594,
Dominica,DM,2.68,6.52182779,6.040585182,5.559342574,8.050617867,9.777498121,11.50437838,9.52703057,7.835456977,6.143883383,4.45230979,2.844108856,2.927481516,3.010854176,3.094226837,4.236799329,8.473598658,
Dominican Republic,DO,1.85,8.898053203,8.359340169,7.820627136,9.516025165,10.90243721,12.28884926,9.492309407,7.688363798,5.88441819,4.080472581,2.171756576,2.066986179,1.962215782,1.857445386,2.336899985,4.67379997,
Ecuador,EC,1.87,8.463286959,7.974551637,7.485816316,9.251844945,10.62359458,11.99534422,9.277683321,7.501234026,5.724784731,3.948335436,2.184500631,2.197115121,2.209729611,2.222344101,2.979944789,5.959889577,
Egypt,EG,1.43,11.09029648,10.07493268,9.059568878,9.609855728,10.90036295,12.19087018,9.219060999,7.359208523,5.499356047,3.639503571,1.683643601,1.587636108,1.491628615,1.395621122,1.732818171,3.465636342,
El Salvador,SV,1.81,8.617453767,8.188904172,7.760354577,9.555249885,10.88124713,12.20724438,9.313342503,7.482255846,5.651169188,3.820082531,2.009353508,2.029711142,2.050068776,2.07042641,2.787712059,5.575424117,
Equatorial Guinea,GQ,2.68,13.10275709,11.83889259,10.57502808,9.766531469,10.62614767,11.48576387,8.206913251,6.510079303,4.813245354,3.116411405,1.372964465,1.326351474,1.279738483,1.233125492,1.582016668,3.164033335,
Eritrea,ER,2.68,13.00440316,11.82017411,10.63594507,9.991220487,10.85308724,11.71495399,8.29241812,6.505820617,4.719223114,2.932625611,1.158091562,1.170155015,1.182218469,1.194281923,1.608460502,3.216921005,
Estonia,EE,3.26,4.481774479,4.082429925,3.683085371,6.30052848,8.008594589,9.716660698,8.542826448,7.236058209,5.92928997,4.622521731,3.678093564,4.040433636,4.402773708,4.765113781,6.836605137,13.67321027,
Ethiopia,ET,2.06,13.46212631,12.08045485,10.6987834,9.762724759,10.6763669,11.59000903,8.320596686,6.578223391,4.835850095,3.093476799,1.287522162,1.22394082,1.160359479,1.096778138,1.377595729,2.755191457,
Falkland Islands (Malvinas),FK,2.68,7.973742639,7.375832609,6.777922579,8.628969978,10.15240371,11.67583744,9.327215465,7.612402259,5.897589053,4.182775847,2.489682884,2.511403128,2.533123371,2.554843614,3.435418477,6.870836953,
Faroe Islands,FO,2.68,5.987142311,5.661204397,5.335266482,7.281902578,8.581158541,9.880414503,8.094274732,6.829354643,5.564434554,4.299514465,3.308213635,3.581832895,3.855452155,4.129071414,5.870254232,11.74050846,
Fiji,FJ,1.65,8.523237919,7.824561403,7.125884888,8.872883964,10.44506002,12.01723607,9.609418283,7.847645429,6.085872576,4.324099723,2.456509695,2.350692521,2.244875346,2.139058172,2.710987996,5.421975993,
Finland,FI,3.64,4.724664432,4.429980085,4.135295737,6.397780692,7.823707518,9.249634343,7.893330743,6.71054549,5.527760237,4.344974984,3.611016661,4.059843591,4.50867052,4.95749745,7.208432506,14.41686501,
France,FR,2.7,5.343889164,4.987629886,4.631370609,6.662268404,8.033976579,9.405684755,7.90648194,6.70113805,5.495794161,4.290450272,3.48045522,3.875804057,4.271152895,4.666501732,6.749134092,13.49826818,
French Guiana,GF,2.68,7.973742639,7.375832609,6.777922579,8.628969978,10.15240371,11.67583744,9.327215465,7.612402259,5.897589053,4.182775847,2.489682884,2.511403128,2.533123371,2.554843614,3.435418477,6.870836953,
French Polynesia,PF,2.68,6.891439077,6.478071346,6.064703615,8.739435993,10.49016991,12.24090383,9.995729917,8.184681078,6.373632239,4.5625834,2.683746998,2.615959434,2.548171871,2.480384307,3.216795659,6.433591317,
French Southern Territories,TF,2.68,7.973742639,7.375832609,6.777922579,8.628969978,10.15240371,11.67583744,9.327215465,7.612402259,5.897589053,4.182775847,2.489682884,2.511403128,2.533123371,2.554843614,3.435418477,6.870836953,
Gabon,GA,2.68,12.57486221,11.60986092,10.64485963,10.11825411,10.81995265,11.52165118,8.064824211,6.435862234,4.806900257,3.17793828,1.476750433,1.404524563,1.332298693,1.260072823,1.583795937,3.167591874,
Gambia,GM,2.68,12.19168008,11.14026196,10.08884384,10.07426841,11.11839882,12.16252923,8.812831673,6.937570806,5.062309939,3.187049073,1.269453223,1.22711824,1.184783257,1.142448274,1.466817721,2.933635442,
Georgia,GE,2.85,5.346413793,4.925330511,4.50424723,6.987070727,8.649565758,10.31206079,8.849468326,7.471148516,6.092828705,4.714508895,3.51811722,3.700045356,3.881973492,4.063901628,5.661106352,11.3222127,
Germany,DE,1.99,3.763986717,3.601116822,3.438246928,6.155212894,7.676565772,9.19791865,8.093470398,7.006472492,5.919474586,4.83247668,4.090519703,4.435560632,4.780601561,5.12564249,7.294244559,14.58848912,
Ghana,GH,2.04,12.44444444,11.19361277,9.942781104,9.520958084,10.56087824,11.6007984,8.520359281,6.780239521,5.04011976,3.3,1.513772455,1.467664671,1.421556886,1.375449102,1.77245509,3.54491018,
Gibraltar,GI,2.68,6.057212664,5.651701788,5.246190913,7.626092956,9.221554854,10.81701675,8.848111575,7.190267739,5.532423903,3.874580067,2.623434796,3.03013336,3.436831925,3.84353049,5.666972072,11.33394414,
Greece,GR,3.14,4.211426433,3.987493987,3.763561541,6.443268666,8.007054674,9.570840682,8.249158249,6.974506975,5.6998557,4.425204425,3.599326599,4.048100048,4.496873497,4.945646946,7.192560526,14.38512105,
Greenland,GL,2.68,6.575461302,6.202082014,5.828702727,8.044360038,9.525567982,11.00677593,9.154884997,7.832876134,6.510867272,5.188858409,3.640008441,3.413167335,3.186326229,2.959485123,3.643525357,7.287050714,
Grenada,GD,2.68,7.176098618,6.637891222,6.099683825,8.091465653,9.625563963,11.15966227,9.159650432,7.648406693,6.137162954,4.625919216,3.072045188,3.029414899,2.98678461,2.944154322,3.86869871,7.737397421,
Guadeloupe,GP,2.68,7.973742639,7.375832609,6.777922579,8.628969978,10.15240371,11.67583744,9.327215465,7.612402259,5.897589053,4.182775847,2.489682884,2.511403128,2.533123371,2.554843614,3.435418477,6.870836953,
Guam,GU,2.68,8.596330834,7.917352349,7.238373865,8.387883221,9.641616383,10.89534955,8.617663193,7.183214482,5.748765771,4.31431706,2.827207899,2.774547449,2.721886999,2.66922655,3.4887548,6.9775096,
Guatemala,GT,1.46,11.32031342,10.41593576,9.511558103,9.871490014,10.95583363,12.04017724,8.841655946,7.026663548,5.211671149,3.396678751,1.54017074,1.498655128,1.457139516,1.415623904,1.832144388,3.664288777,
Guernsey,GG,2.68,4.275290699,4.063578477,3.851866254,6.685137478,8.313485313,9.941833147,8.597676566,7.296456521,5.995236475,4.694016429,3.697564769,4.002333155,4.307101541,4.611869927,6.55551775,13.1110355,
Guinea,GN,1.89,13.89076657,12.39681272,10.90285886,9.489474727,10.27673652,11.06399831,7.873778652,6.268665889,4.663553125,3.058440362,1.402937381,1.352547164,1.302156947,1.25176673,1.601835351,3.203670702,
Guinea-Bissau,GW,2.68,14.83241951,13.24869181,11.66496411,9.867895289,10.55308858,11.23828187,7.76033523,6.064169116,4.368003002,2.671836888,0.973169054,0.970667334,0.968165614,0.965663894,1.284216232,2.568432464,
Guyana,GY,1.69,8.380362886,8.217731658,8.055100431,9.944778203,11.05224832,12.15971843,9.081922447,7.382850901,5.683779356,3.98470781,2.211359913,2.137083561,2.062807209,1.988530857,2.552339341,5.104678682,
Haiti,HT,1.99,10.67082563,9.996919284,9.323012938,10.25236188,11.3909427,12.52952352,9.190157117,7.27530037,5.360443623,3.445586876,1.47469963,1.418669131,1.362638632,1.306608133,1.667436845,3.334873691,
Heard Island and McDonald Islands,HM,2.68,7.973742639,7.375832609,6.777922579,8.628969978,10.15240371,11.67583744,9.327215465,7.612402259,5.897589053,4.182775847,2.489682884,2.511403128,2.533123371,2.554843614,3.435418477,6.870836953,
Holy See (Vatican City State),VA,2.68,7.973742639,7.375832609,6.777922579,8.628969978,10.15240371,11.67583744,9.327215465,7.612402259,5.897589053,4.182775847,2.489682884,2.511403128,2.533123371,2.554843614,3.435418477,6.870836953,
Honduras,HN,1.66,10.32851345,9.746955861,9.165398276,10.12810756,11.19101979,12.25393201,8.946347031,7.107876712,5.269406392,3.430936073,1.582191781,1.571917808,1.561643836,1.551369863,2.05479452,4.109589041,
China Hong Kong,HK,2.75,7.973742639,7.375832609,6.777922579,8.628969978,10.15240371,11.67583744,9.327215465,7.612402259,5.897589053,4.182775847,2.489682884,2.511403128,2.533123371,2.554843614,3.435418477,6.870836953,
Hungary,HU,3.09,4.259034684,4.037513138,3.815991592,6.794405368,8.505133802,10.21586224,8.772738297,7.317487267,5.862236236,4.406985205,3.365025467,3.77831676,4.191608052,4.604899345,6.69092085,13.3818417,
Iceland,IS,2.68,6.08782776,5.663148547,5.238469333,7.416515809,8.93021826,10.44392071,8.694538375,7.285582539,5.876626704,4.467670868,3.239573727,3.420432421,3.601291116,3.78214981,5.28401134,10.56802268,
India,IN,1.73,8.637390924,8.095475623,7.553560322,9.431789491,10.91281938,12.39384926,9.651942582,7.786953389,5.921964197,4.056975004,2.126032256,2.060078701,1.994125145,1.92817159,2.48295738,4.965914759,
Indonesia,ID,2.02,7.791972456,7.362507928,6.9330434,9.190903325,10.74929782,12.30769231,9.743408535,7.918456102,6.093503669,4.268551237,2.379994564,2.316390323,2.252786083,2.189181843,2.83410347,5.66820694,
Iran,IR,1.53,7.528853678,6.871698944,6.21454421,9.250293427,11.42532277,13.60035211,11.19498239,8.92715669,6.659330986,4.391505282,2.021897007,1.920114437,1.818331866,1.716549296,2.1530223,4.306044601,
Iraq,IQ,1.79,12.54284168,11.39438398,10.24592628,10.05485071,11.10777063,12.16069054,8.814262522,6.928627262,5.042992003,3.157356743,1.217605676,1.163489868,1.10937406,1.055258253,1.334856593,2.669713186,
Ireland,IE,2.27,6.271443481,5.74843877,5.225434059,7.651899136,9.388136385,11.12437363,9.317037729,7.686439359,6.055840988,4.425242618,2.952929576,3.111214905,3.269500234,3.427785562,4.781427855,9.56285571,
Isle of Man,IM,2.68,4.728732639,4.443359375,4.157986111,6.493055556,7.945963542,9.398871528,8.057617187,6.88671875,5.715820312,4.544921875,3.728515625,4.083007812,4.4375,4.791992187,6.861979167,13.72395833,
Israel,IL,2.09,8.303032485,7.637613853,6.972195221,8.225030301,9.516866472,10.80870264,8.489037693,6.933794146,5.378550599,3.823307053,2.460308889,2.652554272,2.844799654,3.037045037,4.30572056,8.61144112,
Italy,IT,4.18,3.88886226,3.684353481,3.479844701,6.399420558,8.063717267,9.728013975,8.505008867,7.217562191,5.930115516,4.64266884,3.742510665,4.129799166,4.517087667,4.904376168,7.055552893,14.11110579,
Jamaica,JM,1.91,8.255279574,7.817453847,7.37962812,8.932852631,10.14729061,11.3617286,8.797760748,7.252568074,5.707375401,4.162182727,2.591988695,2.566987336,2.541985977,2.516984619,3.322644347,6.645288693,
Japan,JP,4.13,3.532952861,3.378097743,3.223242625,5.716307475,7.117695017,8.51908256,7.349670036,6.207946837,5.066223637,3.924500438,3.572846001,4.362914763,5.152983525,5.943052287,8.977494731,17.95498946,
Jersey,JE,2.68,5.127011054,4.924658218,4.722305381,7.326835867,8.831453947,10.33607203,8.666799721,7.324618302,5.982436883,4.640255464,3.489172737,3.68027143,3.871370123,4.062468816,5.671423344,11.34284669,
Jordan,JO,1.21,11.18535887,10.32043767,9.455516479,10.15110069,11.36381399,12.57652729,9.300703399,7.349941383,5.399179367,3.44841735,1.413247362,1.32883939,1.244431418,1.160023447,1.434153966,2.868307933,
Kazakhstan,KZ,2.26,7.950611867,7.148603189,6.34659451,8.30895617,10.09214568,11.87533519,9.827226854,8.073168056,6.319109258,4.565050461,2.711167179,2.611342694,2.51151821,2.411693725,3.082492321,6.164984642,
Kenya,KE,1.66,13.2340811,11.9995132,10.7649453,10.09424905,10.99346883,11.8926886,8.458683218,6.649020324,4.83935743,3.029694536,1.162833151,1.10563466,1.048436169,0.991237678,1.245385583,2.490771166,
Kiribati,KI,1.47,9.738309738,9.219093043,8.699876347,10.16100134,11.41078053,12.66055972,9.473654327,7.577220077,5.680785828,3.784351578,1.770951624,1.653985919,1.537020213,1.420054508,1.737451737,3.474903475,
North Korea,KP,2.68,7.973742639,7.375832609,6.777922579,8.628969978,10.15240371,11.67583744,9.327215465,7.612402259,5.897589053,4.182775847,2.489682884,2.511403128,2.533123371,2.554843614,3.435418477,6.870836953,
Kosovo,XK,2.68,7.874806426,7.444105691,7.013404955,9.250387147,10.79957898,12.34877081,9.740309234,7.895252613,6.050195993,4.205139373,2.309995645,2.259908537,2.209821429,2.159734321,2.81286295,5.6257259,
Korea,KR,2.68,6.533460196,6.19339606,5.853331924,8.617307444,10.33935934,12.06141124,9.895337774,8.161539275,6.427740776,4.693942277,2.878211227,2.796278676,2.714346125,2.632413574,3.400641365,6.801282729,
Kuwait,KW,2.3,7.905492414,7.325084449,6.744676483,10.24081021,12.56928503,14.89775986,12.03684004,9.407647948,6.778455853,4.149263759,1.379542019,1.239012373,1.098482728,0.957953082,1.089897915,2.179795831,
Kyrgyzstan,KG,1.74,9.689045981,8.75852764,7.828009299,9.048008159,10.58852593,12.1290437,9.587252722,7.766946012,5.946639302,4.126332592,2.175474602,2.044923323,1.914372043,1.783820763,2.204359311,4.408718621,
Lao People's Democratic Republic,LA,1.6,7.973742639,7.375832609,6.777922579,8.628969978,10.15240371,11.67583744,9.327215465,7.612402259,5.897589053,4.182775847,2.489682884,2.511403128,2.533123371,2.554843614,3.435418477,6.870836953,
Latvia,LV,3.13,4.293249288,3.951002372,3.608755456,6.326152646,8.027098158,9.728043669,8.597816551,7.348182084,6.098547617,4.848913149,3.878545667,4.157812652,4.437079637,4.716346622,6.660818143,13.32163629,
Lebanon,LB,1.72,6.704295236,6.361839645,6.019384055,9.098516817,10.98053879,12.86256076,10.48982426,8.509694995,6.529565728,4.549436462,2.480636718,2.391966241,2.303295764,2.214625287,2.834606413,5.669212827,
Lesotho,LS,1.82,10.4366673,9.6691528,8.901638298,9.865493721,11.11493593,12.36437815,9.203671831,7.25989673,5.31612163,3.372346529,1.464142284,1.499713138,1.535283993,1.570854848,2.141900937,4.283801874,
Liberia,LR,1.64,14.91653429,13.31410417,11.71167405,9.852855112,10.52587576,11.19889641,7.743917733,6.07913218,4.414346627,2.749561073,1.045272134,1.005768748,0.966265362,0.926761976,1.183011454,2.366022908,
Libya,LY,2.68,10.76219731,9.559586,8.35697469,9.390020413,11.10915458,12.82828876,10.08393496,7.967952104,5.851969243,3.735986382,1.533133768,1.446264014,1.359394259,1.272524505,1.580873002,3.161746004,
Liechtenstein,LI,2.68,4.548529284,4.335231736,4.121934189,6.85170638,8.429890024,10.00807367,8.606146897,7.338963079,6.071779262,4.804595444,3.756873527,3.976335428,4.195797329,4.41525923,6.179628175,12.35925635,
Lithuania,LT,2.73,4.413253841,4.140877561,3.868501281,6.435228054,7.990967721,9.546707388,8.330815342,7.167990643,6.005165944,4.842341245,3.9402505,4.200984453,4.461718407,4.722452361,6.64424842,13.28849684,
Luxembourg,LU,3.79,5.061082025,4.784199222,4.507316418,7.550230456,9.348570278,11.1469101,9.459826822,7.861961337,6.264095852,4.666230366,3.228453484,3.388542086,3.548630689,3.708719291,5.158410525,10.31682105,
China Macao,MO,2.68,7.973742639,7.375832609,6.777922579,8.628969978,10.15240371,11.67583744,9.327215465,7.612402259,5.897589053,4.182775847,2.489682884,2.511403128,2.533123371,2.554843614,3.435418477,6.870836953,
Macedonia,MK,2.47,7.973742639,7.375832609,6.777922579,8.628969978,10.15240371,11.67583744,9.327215465,7.612402259,5.897589053,4.182775847,2.489682884,2.511403128,2.533123371,2.554843614,3.435418477,6.870836953,
Madagascar,MG,2.68,13.19862047,11.92978193,10.66094339,9.872643707,10.7473324,11.6220211,8.302253539,6.57595821,4.849662881,3.123367552,1.328433457,1.259794691,1.191155925,1.12251716,1.405171192,2.810342384,
Malawi,MW,2.68,15.90743221,14.11049465,12.3135571,9.775453663,10.3033395,10.83122533,7.322237102,5.729226452,4.136215803,2.543205153,0.93106307,0.911931637,0.892800204,0.873668771,1.139383118,2.278766235,
Malaysia,MY,2,8.665556172,8.038126966,7.41069776,9.14553643,10.64038497,12.13523351,9.564131038,7.784564131,6.004997224,4.225430317,2.339811216,2.233759023,2.12770683,2.021654636,2.554136591,5.108273182,
Maldives,MV,1.73,7.481205752,7.183782206,6.88635866,10.14402842,12.07028684,13.99654526,11.08769433,8.788592074,6.489489818,4.190387563,1.776330195,1.661375082,1.546419969,1.431464857,1.755346325,3.51069265,
Mali,ML,2.68,16.36372741,14.31146591,12.25920442,9.243402934,9.787763685,10.33212444,7.089422519,5.613210584,4.136998648,2.660786712,1.142084594,1.099594412,1.05710423,1.014614047,1.296165154,2.592330307,
Malta,MT,3.08,4.198485581,3.980989206,3.763492831,6.633370925,8.285806348,9.93824177,8.568390527,7.204446593,5.840502658,4.476558724,3.519574674,3.926534558,4.333494442,4.740454326,6.863218946,13.72643789,
Marshall Islands,MH,2.68,10.99337577,10.09742276,9.201469751,9.772033328,10.95326813,12.13450292,9.042850489,7.212971588,5.383092687,3.553213787,1.652305543,1.581276199,1.510246856,1.439217513,1.824250893,3.648501785,
Martinique,MQ,2.68,7.973742639,7.375832609,6.777922579,8.628969978,10.15240371,11.67583744,9.327215465,7.612402259,5.897589053,4.182775847,2.489682884,2.511403128,2.533123371,2.554843614,3.435418477,6.870836953,
Mauritania,MR,1.39,12.66730785,11.47511421,10.28292057,9.79535679,10.74376853,11.69218028,8.447944217,6.70413561,4.960327002,3.216518394,1.413801395,1.354893003,1.295984612,1.23707622,1.570890438,3.141780877,
Mauritius,MU,2.1,6.138825112,5.826897655,5.514970199,8.2596999,9.943992208,11.62828451,9.640471718,8.033291588,6.426111459,4.81893133,3.147568357,3.083385515,3.019202672,2.955019829,3.854449315,7.708898629,
Mayotte,YT,2.68,7.973742639,7.375832609,6.777922579,8.628969978,10.15240371,11.67583744,9.327215465,7.612402259,5.897589053,4.182775847,2.489682884,2.511403128,2.533123371,2.554843614,3.435418477,6.870836953,
Mexico,MX,1.8,8.439453436,7.886527946,7.333602456,9.174648611,10.64809718,12.12154574,9.497412749,7.693493339,5.889573929,4.085654519,2.247605417,2.213475724,2.179346031,2.145216338,2.814782194,5.629564388,
Micronesia,FM,2.68,9.698671017,9.070217367,8.441763717,9.888345156,11.24008953,12.5918339,9.589165813,7.706839649,5.824513486,3.942187322,1.910777285,1.761693411,1.612609537,1.463525663,1.752589052,3.505178104,
Moldova,MD,2.68,5.437473034,5.037809115,4.638145196,7.456229988,9.264936304,11.07364262,9.492131617,7.965971796,6.439811976,4.913652156,3.426834253,3.46617617,3.505518087,3.544860004,4.778935895,9.55787179,
Monaco,MC,6.95,2.789589732,2.795003544,2.800417356,4.8724309,5.90302386,6.93361682,6.082122608,5.418143161,4.754163714,4.090184266,4.297927002,5.169649185,6.041371368,6.913093551,10.37975431,20.75950862,
Mongolia,MN,1.79,8.604206501,7.852510029,7.100813557,9.391519514,11.28856896,13.18561842,10.63997301,8.545158025,6.450343043,4.355528062,2.077381622,1.894050163,1.710718704,1.527387246,1.792074382,3.584148765,
Montenegro,ME,2.48,5.509511938,5.208543899,4.90757586,7.323181277,8.831952025,10.34072277,8.692642005,7.36658581,6.040529614,4.714473418,3.520315343,3.652213463,3.784111583,3.916009703,5.397210431,10.79442086,
Montserrat,MS,2.68,6.133767211,6.397942581,6.662117952,10.28592756,11.83365699,13.38138643,10.39993702,8.442240067,6.484543117,4.526846166,2.399097255,2.229045295,2.058993334,1.888941374,2.291852552,4.583705103,
Morocco,MA,1.66,8.715395389,8.068188128,7.420980868,9.099154127,10.58544802,12.07174191,9.508023766,7.732800267,5.957576767,4.182353268,2.320506413,2.233883058,2.147259703,2.060636349,2.632017325,5.264034649,
Mozambique,MZ,1.88,15.68237022,13.87053042,12.05869062,9.617014065,10.20801559,10.79901712,7.398957804,5.812150483,4.225343162,2.638535841,1.027580071,1.003431622,0.979283172,0.955134723,1.241315031,2.482630063,
Myanmar,MM,2.68,7.973742639,7.375832609,6.777922579,8.628969978,10.15240371,11.67583744,9.327215465,7.612402259,5.897589053,4.182775847,2.489682884,2.511403128,2.533123371,2.554843614,3.435418477,6.870836953,
Namibia,NA,1.96,12.10451921,11.08667221,10.06882521,10.04108377,11.04506004,12.04903632,8.712400429,6.882059209,5.051717989,3.221376769,1.344667697,1.298299846,1.251931994,1.205564142,1.545595054,3.091190108,
Nauru,NR,2.68,10.05465747,9.119879483,8.185101493,9.69156189,11.37957008,13.06757827,10.25551886,8.178341735,6.10116461,4.023987485,1.759082218,1.571354076,1.383625934,1.195897792,1.344226201,2.688452402,
Nepal,NP,2.18,9.73075935,9.265211752,8.799664154,10.05532685,11.1487058,12.24208475,9.031748717,7.241865449,5.45198218,3.662098912,1.818643208,1.765070772,1.711498336,1.657925901,2.139137954,4.278275907,
Netherlands,NL,3.44,4.814033021,4.584949192,4.355865364,6.795062698,8.243745193,9.692427689,8.225909381,7.009474253,5.793039124,4.576603996,3.661086839,3.962004811,4.262922782,4.563840754,6.486344968,12.97268994,
New Caledonia,NC,2.68,6.983283124,6.622363991,6.261444858,8.859353772,10.51922736,12.17910095,9.78096757,7.937799043,6.094630516,4.251461988,2.449760766,2.49122807,2.532695375,2.574162679,3.487506645,6.975013291,
New Zealand,NZ,2.71,5.918817597,5.538257363,5.157697128,7.466013305,9.000731629,10.53544995,8.771885049,7.34010515,5.908325251,4.476545352,3.22903374,3.413302026,3.597570313,3.781838599,5.288142514,10.57628503,
Nicaragua,NI,1.64,8.727824333,8.350444901,7.973065468,10.04248602,11.45457573,12.86666543,9.782451856,7.796770076,5.811088296,3.825406515,1.794772185,1.749819635,1.704867085,1.659914535,2.153282646,4.306565292,
Niger,NE,1.5,17.70267111,15.46773628,13.23280145,9.286048279,9.547606523,9.809164767,6.407811678,5.066412415,3.725013151,2.383613887,1.00999474,0.977774855,0.945554971,0.913335087,1.17482027,2.34964054,
Nigeria,NG,1.69,14.25605061,12.78259076,11.30913091,9.782728273,10.4929868,11.20324532,7.829826733,6.191831683,4.553836634,2.915841584,1.226485149,1.175123762,1.123762376,1.07240099,1.361386139,2.722772277,
Niue,NU,2.68,7.973742639,7.375832609,6.777922579,8.628969978,10.15240371,11.67583744,9.327215465,7.612402259,5.897589053,4.182775847,2.489682884,2.511403128,2.533123371,2.554843614,3.435418477,6.870836953,
Norfolk Island,NF,2.68,7.973742639,7.375832609,6.777922579,8.628969978,10.15240371,11.67583744,9.327215465,7.612402259,5.897589053,4.182775847,2.489682884,2.511403128,2.533123371,2.554843614,3.435418477,6.870836953,
Northern Mariana Islands,MP,2.68,8.090123389,7.557043787,7.023964185,8.539032528,9.829646301,11.12026007,8.989954438,7.70379316,6.417631882,5.131470604,3.473129494,3.100949662,2.72876983,2.356589998,2.645880222,5.291760444,
Norway,NO,2.68,5.340819839,5.009943016,4.679066192,7.218016633,8.818368677,10.41872072,8.765227854,7.315887101,5.866546348,4.417205595,3.248107485,3.528350128,3.808592771,4.088835414,5.825437409,11.65087482,
Oman,OM,1.97,9.94269983,9.12321137,8.30372291,10.18086366,11.9389225,13.69698134,10.55949294,8.209161625,5.858830308,3.508498992,1.138576779,1.118985883,1.099394987,1.079804091,1.413617593,2.827235187,
Pakistan,PK,1.36,12.04852659,10.94618932,9.843852045,9.671014006,10.68693226,11.70285051,8.570325952,6.839636645,5.108947337,3.37825803,1.581665974,1.515763225,1.449860476,1.383957727,1.757406638,3.514813276,
Palau,PW,2.68,6.199437368,6.035190718,5.870944069,8.975322232,10.69175796,12.40819369,10.06447555,8.248152225,6.431828904,4.615505583,2.734706715,2.670231168,2.605755622,2.541280075,3.302406039,6.604812077,
Palestine State of,PS,2.68,7.973742639,7.375832609,6.777922579,8.628969978,10.15240371,11.67583744,9.327215465,7.612402259,5.897589053,4.182775847,2.489682884,2.511403128,2.533123371,2.554843614,3.435418477,6.870836953,
Panama,PA,1.82,8.201159136,7.657927727,7.114696317,8.901243316,10.33774822,11.77425313,9.253828964,7.522210716,5.790592467,4.058974219,2.352973238,2.378590505,2.404207772,2.42982504,3.273923076,6.547846151,
Papua New Guinea,PG,2.68,10.78934837,10.010039,9.230729629,9.964348688,11.11046759,12.25658648,9.066952392,7.222286575,5.377620758,3.53295494,1.619367543,1.550445963,1.481524383,1.412602803,1.791574964,3.583149929,
Paraguay,PY,1.89,7.773621727,7.430295802,7.086969878,9.402311728,10.90330858,12.40430543,9.697511791,7.840299236,5.983086681,4.125874126,2.242098986,2.215536402,2.188973817,2.162411232,2.847798197,5.695596393,
Peru,PE,2.13,8.283138028,7.783010258,7.282882488,9.181177673,10.63045304,12.0797284,9.440367977,7.647026613,5.853685248,4.060343883,2.25440806,2.241813602,2.229219144,2.216624685,2.938706969,5.877413938,
Philippines,PH,1.85,10.82627692,9.971774351,9.117271779,9.75524881,10.9287399,12.10223099,9.027954993,7.219000116,5.410045238,3.601090361,1.715578239,1.639020995,1.562463751,1.485906507,1.879132351,3.758264702,
Pitcairn,PN,2.68,7.973742639,7.375832609,6.777922579,8.628969978,10.15240371,11.67583744,9.327215465,7.612402259,5.897589053,4.182775847,2.489682884,2.511403128,2.533123371,2.554843614,3.435418477,6.870836953,
Poland,PL,3.99,4.300794001,4.026681053,3.752568106,6.858818208,8.686056207,10.51329421,9.153955564,7.682083476,6.210211389,4.738339301,3.531315906,3.796164599,4.061013292,4.325861984,6.12094757,12.24189514,
Portugal,PT,3.11,4.083076132,3.941615226,3.800154321,6.79119513,8.42817644,10.06515775,8.634259259,7.264178241,5.894097222,4.524016204,3.532021605,3.910108025,4.288194444,4.666280864,6.725823045,13.45164609,
Puerto Rico,PR,2.68,4.413394363,4.336304505,4.259214647,6.776412645,8.112101502,9.447790358,7.921946519,6.754516984,5.587087449,4.419657914,3.650686582,4.049144784,4.447602987,4.84606119,6.992692524,13.98538505,
Qatar,QA,3.13,4.419667876,4.357136537,4.294605197,11.11642038,14.5898593,18.06329823,15.1935227,11.62941333,8.065303955,4.501194585,0.81284842,0.688611627,0.564374834,0.440138041,0.421201664,0.842403327,
Reunion,RE,0,7.973742639,7.375832609,6.777922579,8.628969978,10.15240371,11.67583744,9.327215465,7.612402259,5.897589053,4.182775847,2.489682884,2.511403128,2.533123371,2.554843614,3.435418477,6.870836953,
Romania,RO,2.7,4.210491825,4.002424719,3.794357613,7.304739124,9.267996985,11.23125485,9.67118844,7.974048953,6.276909466,4.579769979,3.170156296,3.4576821,3.745207903,4.032733707,5.760346014,11.52069203,
Russian Federation,RU,2.72,7.973742639,7.375832609,6.777922579,8.628969978,10.15240371,11.67583744,9.327215465,7.612402259,5.897589053,4.182775847,2.489682884,2.511403128,2.533123371,2.554843614,3.435418477,6.870836953,
Rwanda,RW,2.06,13.65840333,12.3028068,10.94721027,10.00614628,10.89121082,11.77627535,8.38844499,6.617086662,4.845728334,3.074370006,1.205285802,1.107559926,1.00983405,0.912108174,1.085843065,2.17168613,
Saint Barth??lemy,BL,2.68,7.973742639,7.375832609,6.777922579,8.628969978,10.15240371,11.67583744,9.327215465,7.612402259,5.897589053,4.182775847,2.489682884,2.511403128,2.533123371,2.554843614,3.435418477,6.870836953,
Saint Helena Ascension and Tristan da Cunha,SH,2.68,7.973742639,7.375832609,6.777922579,8.628969978,10.15240371,11.67583744,9.327215465,7.612402259,5.897589053,4.182775847,2.489682884,2.511403128,2.533123371,2.554843614,3.435418477,6.870836953,
Saint Kitts and Nevis,KN,2.68,6.217967823,5.843370325,5.468772828,8.246988902,10.01069444,11.77439997,9.866407195,8.256456109,6.646505023,5.036553937,3.267238205,3.10787356,2.948508915,2.78914427,3.506372833,7.012745665,
Saint Lucia,LC,1.89,5.969943946,5.646686612,5.323429279,8.027557115,9.702878366,11.37819962,9.416589291,7.786546993,6.156504694,4.526462396,2.992881461,3.089342825,3.185804189,3.282265552,4.504969222,9.009938444,
Saint Martin (French part),MF,2.68,7.973742639,7.375832609,6.777922579,8.628969978,10.15240371,11.67583744,9.327215465,7.612402259,5.897589053,4.182775847,2.489682884,2.511403128,2.533123371,2.554843614,3.435418477,6.870836953,
